2.7578
2.1684
2.88796
2.8727
2.2589
2.64706
2.53667
2.44903
2.93072
2.5276
3.86813
2.11041
2.72035
2.69078
1.98591
1.98397
2.02718
2.24144
2.4931
2.08858
2.44507
2.84817
3.03314
3.0807
3.06655
3.03257
2.94312
2.99331
3.11323
2.30294
1.69622
2.59772
2.8274
2.84295
2.16645
2.68288
2.91588
1.92749
2.73273
2.5802
2.64592
2.75745
2.64191
2.69712
2.93902
2.70249
2.61088
2.66262
2.69361
2.23257
2.29931
2.4802
2.03344
2.39021
2.52413
2.34094
2.11979
2.33544
1.98807
2.66718
2.67098
2.77696
2.6657
2.5329
2.52452
2.70923
2.73109
2.79374
2.47174
2.76155
2.9745
3.20258
3.32832
2.52855
2.72222
2.83002
2.60756
2.62311
2.67817
3.0852
3.02681
3.48442
3.62177
2.90549
2.60723
2.60722
2.28137
2.3844
2.43339
2.17222
2.36058
2.39564
2.28784
2.60666
2.49712
2.3992
2.32052
2.31301
2.52136
2.78726
2.68877
2.86102
2.67383
2.82703
2.70354
2.74038
2.69994
2.5868
2.52443
2.53949
2.91008
2.77833
2.68585
2.47919
2.56486
2.71356
2.96068
3.23165
2.5396
2.83218
2.7934
2.81625
2.46932
2.32023
2.6217
3.0067
2.93623
3.01321
3.17597
2.80128
2.61893
2.89092
2.91262
3.23766
2.9145
3.16236
2.03858
1.98612
2.61491
2.13314
2.29802
3.04073
2.94477
2.55816
2.60279
2.44791
2.52092
2.414
2.47596
2.81218
2.4079
3.21323
2.5721
2.70039
2.59759
2.78614
2.72361
2.70132
3.10898
2.97685
2.86551
2.8093
2.22698
2.79676
2.93256
2.25765
2.56333
2.5546
2.73779
2.97727
2.71812
3.5781
2.00079
2.75325
2.00346
2.08187
2.54388
2.35228
2.19411
2.54466
2.92613
3.14079
3.1443
3.17657
2.88681
3.06596
3.00284
3.02794
2.42214
1.75418
2.68895
2.79033
2.19567
2.92113
2.89343
2.93247
2.73457
2.61346
2.75202
2.73798
2.90029
2.68085
2.61664
2.57607
2.65714
2.5298
2.69062
2.74106
2.27632
2.35973
2.42784
2.19269
2.37346
2.1544
2.29778
1.93501
2.37667
1.95876
2.71628
2.72184
2.84296
2.99287
2.7312
2.55772
3.08822
2.95034
2.8416
2.71103
2.80152
2.77388
2.80456
2.98422
2.8468
2.92897
2.9909
2.56058
2.77288
2.80874
2.64665
2.68545
2.72045
2.82459
3.30698
2.99267
3.63423
3.12572
3.11869
3.27194
2.80802
2.54967
2.27198
2.33189
2.43842
2.36275
2.19507
2.26954
2.4731
2.5082
2.64931
2.45423
2.41061
2.32917
2.31894
2.59741
2.78918
2.79638
2.62664
2.70545
2.87242
2.49478
2.66565
2.613
2.53723
2.96993
2.77642
2.61303
2.58315
2.83385
2.73001
2.76849
2.58779
2.80403
2.8485
2.80548
2.66765
2.92221
2.2509
2.6524
2.99242
3.01479
3.11378
3.22498
2.47268
2.40089
2.73093
2.71282
3.51994
2.57263
3.10452
3.13753
3.10938
2.90551
3.31325
2.93183
3.22543
2.83917
1.98227
2.04062
2.07496
2.09603
2.16188
3.19089
2.88646
3.51268
2.67182
2.57094
2.49394
2.56696
2.44413
2.47695
2.45654
2.85878
2.94472
2.70195
3.08686
2.77753
2.73932
2.702
2.4013
3.02512
3.01685
2.9783
2.74751
